# Domo-Kun
270,90,#8D5240,20
360,90,#8D5240,20
450,90,#8D5240,20

180,120,#8D5240,20
270,120,#8D5240,20
360,120,#8D5240,20
450,120,#8D5240,20
540,120,#8D5240,20

180,150,#8D5240,20
270,150,#000000,40
360,150,#8D5240,20
450,150,#000000,40
540,150,#8D5240,20

180,180,#8D5240,20
270,180,#8D5240,20
360,180,#8D5240,20
450,180,#8D5240,20
540,180,#8D5240,20

180,210,#8D5240,20
270,210,#bababa,30
360,210,#bababa,30
450,210,#bababa,30
540,210,#8D5240,20

180,240,#8D5240,20
270,240,#E82024,30
360,240,#E82024,30
450,240,#E82024,30
540,240,#8D5240,20

180,270,#8D5240,20
270,270,#E82024,30
360,270,#E82024,30
450,270,#E82024,30
540,270,#8D5240,20

180,300,#8D5240,20
270,300,#bababa,30
360,300,#bababa,30
450,300,#bababa,30
540,300,#8D5240,20

180,330,#8D5240,20
270,330,#8D5240,20
360,330,#8D5240,20
450,330,#8D5240,20
540,330,#8D5240,20

180,360,#8D5240,20
270,360,#8D5240,20

450,360,#8D5240,20
540,360,#8D5240,20
